kinematics:
  shoulder:
    x: 0
    y: 0
    z: 0.1282449704820267
    roll: -0
    pitch: 0
    yaw: -6.67033438001858e-05
  upper_arm:
    x: -0.0001247625998960115
    y: 0
    z: 0
    roll: 1.570644470347301
    pitch: 0
    yaw: -5.919611537839522e-05
  forearm:
    x: -0.6125850001513391
    y: 0
    z: 0
    roll: 3.122713243157857
    pitch: 3.139593319730498
    yaw: -3.141531454694983
  wrist_1:
    x: -0.5713570282862601
    y: 0.0003527909913126197
    z: 0.1637264601644515
    roll: 3.139437898365996
    pitch: -3.140552368440968
    yaw: -3.141536327855746
  wrist_2:
    x: 8.724241015899905e-06
    y: -0.1157543275240812
    z: -5.423655492484455e-05
    roll: 1.571264875592302
    pitch: 0
    yaw: -0.0001707535101510294
  wrist_3:
    x: -7.302299683309834e-05
    y: 0.09218615249769485
    z: -4.299869230259892e-06
    roll: 1.570749683463869
    pitch: 3.141592653589793
    yaw: 3.141561617238118
  hash: calib_11680100676859488110