kinematics:
  shoulder:
    x: 0
    y: 0
    z: 0.12824497048202671
    roll: -0
    pitch: 0
    yaw: -6.6703343800185804e-05
  upper_arm:
    x: -0.00012476259989601152
    y: 0
    z: 0
    roll: 1.5706444703473006
    pitch: 0
    yaw: -5.919611537839522e-05
  forearm:
    x: -0.6125850001513391
    y: 0
    z: 0
    roll: 3.122713243157857
    pitch: 3.1395933197304977
    yaw: -3.1415314546949831
  wrist_1:
    x: -0.57135702828626012
    y: 0.00035279099131261973
    z: 0.16372646016445153
    roll: 3.1394378983659963
    pitch: -3.140552368440968
    yaw: -3.141536327855746
  wrist_2:
    x: 8.7242410158999052e-06
    y: -0.11575432752408119
    z: -5.4236554924844554e-05
    roll: 1.5712648755923018
    pitch: 0
    yaw: -0.00017075351015102935
  wrist_3:
    x: -7.3022996833098345e-05
    y: 0.092186152497694851
    z: -4.2998692302598922e-06
    roll: 1.5707496834638686
    pitch: 3.1415926535897931
    yaw: 3.1415616172381178
  hash: calib_11680100676859488110